v 2.5 -0 0
v 2.75 -0 0
v 3 -0 0
v 3.25 -0 0
v 3.5 -0 0
v 3.75 -0 0
v 4 -0 0
v 4.25 -0 0
v 4.5 -0 0
v 4.75 -0 0
v 5 0 0
v 5.25 0 0
v 5.5 0 0
v 5.75 0 0
v 6 0 0
v 6.25 0 0
v 6.5 0 0
v 6.75 0 0
v 7 0 0
v 7.25 0 0
v 7.5 0 0
v 2.40691 -0.391086 0.782054
v 2.64175 -0.351978 0.858357
v 2.87659 -0.312869 0.93466
v 3.11142 -0.27376 1.01096
v 3.34626 -0.234652 1.08727
v 3.5811 -0.195543 1.16357
v 3.81594 -0.156434 1.23987
v 4.05077 -0.117326 1.31618
v 4.28561 -0.0782172 1.39248
v 4.52045 -0.0391086 1.46878
v 4.75528 0 1.54508
v 4.99012 0.0391086 1.62139
v 5.22496 0.0782173 1.69769
v 5.45979 0.117326 1.77399
v 5.69463 0.156434 1.8503
v 5.92947 0.195543 1.9266
v 6.1643 0.234652 2.0029
v 6.39914 0.27376 2.07921
v 6.63398 0.312869 2.15551
v 6.86881 0.351978 2.23181
v 7.10365 0.391086 2.30812
v 2.12153 -0.772542 1.54138
v 2.31389 -0.695288 1.68114
v 2.50624 -0.618034 1.82089
v 2.6986 -0.54078 1.96065
v 2.89095 -0.463526 2.1004
v 3.08331 -0.386271 2.24015
v 3.27566 -0.309017 2.37991
v 3.46802 -0.231763 2.51966
v 3.66037 -0.154508 2.65942
v 3.85273 -0.0772543 2.79917
v 4.04508 0 2.93893
v 4.23744 0.0772543 3.07868
v 4.4298 0.154509 3.21843
v 4.62215 0.231763 3.35819
v 4.81451 0.309017 3.49794
v 5.00686 0.386271 3.6377
v 5.19922 0.463526 3.77745
v 5.39157 0.54078 3.91721
v 5.58393 0.618034 4.05696
v 5.77628 0.695288 4.19671
v 5.96864 0.772542 4.33647
v 1.62962 -1.13498 2.24299
v 1.76056 -1.02148 2.4232
v 1.89149 -0.907981 2.60341
v 2.02242 -0.794483 2.78362
v 2.15335 -0.680986 2.96383
v 2.28428 -0.567488 3.14404
v 2.41521 -0.45399 3.32425
v 2.54614 -0.340493 3.50446
v 2.67707 -0.226995 3.68467
v 2.808 -0.113498 3.86488
v 2.93893 0 4.04508
v 3.06986 0.113498 4.2253
v 3.20079 0.226995 4.4055
v 3.33172 0.340493 4.58571
v 3.46265 0.45399 4.76592
v 3.59358 0.567488 4.94613
v 3.72451 0.680986 5.12634
v 3.85544 0.794483 5.30655
v 3.98637 0.907981 5.48676
v 4.1173 1.02148 5.66697
v 4.24823 1.13498 5.84718
v 0.920085 -1.46946 2.83173
v 0.982585 -1.32252 3.02409
v 1.04508 -1.17557 3.21644
v 1.10758 -1.02862 3.4088
v 1.17008 -0.881678 3.60115
v 1.23258 -0.734732 3.79351
v 1.29508 -0.587785 3.98586
v 1.35758 -0.440839 4.17822
v 1.42008 -0.293893 4.37057
v 1.48258 -0.146946 4.56293
v 1.54508 0 4.75528
v 1.60758 0.146946 4.94764
v 1.67008 0.293893 5.13999
v 1.73258 0.440839 5.33235
v 1.79508 0.587785 5.5247
v 1.85758 0.734732 5.71706
v 1.92008 0.881678 5.90941
v 1.98258 1.02862 6.10177
v 2.04508 1.17557 6.29412
v 2.10758 1.32252 6.48648
v 2.17008 1.46946 6.67883
v -1.41285e-07 -1.76777 3.23223
v -1.49013e-07 -1.59099 3.40901
v -1.5674e-07 -1.41421 3.58579
v -1.64467e-07 -1.23744 3.76256
v -1.72194e-07 -1.06066 3.93934
v -1.79921e-07 -0.883883 4.11612
v -1.87648e-07 -0.707107 4.29289
v -1.95375e-07 -0.53033 4.46967
v -2.03103e-07 -0.353553 4.64645
v -2.1083e-07 -0.176777 4.82322
v -2.18557e-07 0 5
v -2.26284e-07 0.176777 5.17678
v -2.34011e-07 0.353553 5.35355
v -2.41738e-07 0.53033 5.53033
v -2.49466e-07 0.707107 5.70711
v -2.57193e-07 0.883883 5.88388
v -2.6492e-07 1.06066 6.06066
v -2.72647e-07 1.23744 6.23744
v -2.80374e-07 1.41421 6.41421
v -2.88101e-07 1.59099 6.59099
v -2.95828e-07 1.76777 6.76777
v -1.091 -2.02254 3.35774
v -1.1364 -1.82029 3.49749
v -1.18181 -1.61803 3.63725
v -1.22722 -1.41578 3.777
v -1.27263 -1.21353 3.91676
v -1.31804 -1.01127 4.05651
v -1.36345 -0.809017 4.19627
v -1.40886 -0.606763 4.33602
v -1.45427 -0.404508 4.47577
v -1.49968 -0.202254 4.61553
v -1.54509 0 4.75528
v -1.59049 0.202254 4.89504
v -1.6359 0.404509 5.03479
v -1.68131 0.606763 5.17454
v -1.72672 0.809017 5.3143
v -1.77213 1.01127 5.45405
v -1.81754 1.21353 5.59381
v -1.86295 1.41578 5.73356
v -1.90836 1.61803 5.87332
v -1.95377 1.82029 6.01307
v -1.99917 2.02254 6.15282
v -2.2718 -2.22752 3.12687
v -2.33852 -2.00476 3.21869
v -2.40523 -1.78201 3.31051
v -2.47194 -1.55926 3.40233
v -2.53865 -1.33651 3.49416
v -2.60536 -1.11376 3.58598
v -2.67208 -0.891006 3.6778
v -2.73879 -0.668255 3.76962
v -2.8055 -0.445503 3.86144
v -2.87221 -0.222752 3.95326
v -2.93893 0 4.04508
v -3.00564 0.222752 4.13691
v -3.07235 0.445503 4.22873
v -3.13906 0.668255 4.32055
v -3.20577 0.891006 4.41237
v -3.27249 1.11376 4.50419
v -3.3392 1.33651 4.59601
v -3.40591 1.55926 4.68784
v -3.47262 1.78201 4.77966
v -3.53934 2.00476 4.87148
v -3.60605 2.22752 4.9633
v -3.42009 -2.37764 2.48484
v -3.48259 -2.13988 2.53025
v -3.54509 -1.90211 2.57565
v -3.60759 -1.66435 2.62106
v -3.67009 -1.42658 2.66647
v -3.73259 -1.18882 2.71188
v -3.79509 -0.951056 2.75729
v -3.85759 -0.713292 2.8027
v -3.92009 -0.475528 2.84811
v -3.98259 -0.237764 2.89352
v -4.04509 0 2.93893
v -4.10759 0.237764 2.98433
v -4.17009 0.475528 3.02974
v -4.23259 0.713292 3.07515
v -4.29509 0.951056 3.12056
v -4.35758 1.18882 3.16597
v -4.42008 1.42658 3.21138
v -4.48259 1.66435 3.25679
v -4.54509 1.90211 3.3022
v -4.60759 2.13988 3.34761
v -4.67009 2.37764 3.39301
v -4.38334 -2.46922 1.42423
v -4.42053 -2.2223 1.43632
v -4.45773 -1.97538 1.4484
v -4.49492 -1.72845 1.46049
v -4.53212 -1.48153 1.47257
v -4.56931 -1.23461 1.48466
v -4.6065 -0.987688 1.49674
v -4.6437 -0.740766 1.50883
v -4.68089 -0.493844 1.52091
v -4.71809 -0.246922 1.533
v -4.75528 0 1.54509
v -4.79248 0.246922 1.55717
v -4.82967 0.493844 1.56926
v -4.86687 0.740766 1.58134
v -4.90406 0.987688 1.59343
v -4.94126 1.23461 1.60551
v -4.97845 1.48153 1.6176
v -5.01564 1.72845 1.62968
v -5.05284 1.97538 1.64177
v -5.09003 2.2223 1.65385
v -5.12723 2.46922 1.66594
v -5 -2.5 -4.37114e-07
v -5 -2.25 -4.37114e-07
v -5 -2 -4.37114e-07
v -5 -1.75 -4.37114e-07
v -5 -1.5 -4.37114e-07
v -5 -1.25 -4.37114e-07
v -5 -1 -4.37114e-07
v -5 -0.75 -4.37114e-07
v -5 -0.5 -4.37114e-07
v -5 -0.25 -4.37114e-07
v -5 0 -4.37114e-07
v -5 0.25 -4.37114e-07
v -5 0.5 -4.37114e-07
v -5 0.75 -4.37114e-07
v -5 1 -4.37114e-07
v -5 1.25 -4.37114e-07
v -5 1.5 -4.37114e-07
v -5 1.75 -4.37114e-07
v -5 2 -4.37114e-07
v -5 2.25 -4.37114e-07
v -5 2.5 -4.37114e-07
v -5.12723 -2.46922 -1.66594
v -5.09003 -2.2223 -1.65385
v -5.05284 -1.97538 -1.64177
v -5.01564 -1.72845 -1.62968
v -4.97845 -1.48153 -1.6176
v -4.94126 -1.23461 -1.60551
v -4.90406 -0.987688 -1.59343
v -4.86687 -0.740766 -1.58134
v -4.82967 -0.493844 -1.56926
v -4.79248 -0.246922 -1.55717
v -4.75528 0 -1.54508
v -4.71809 0.246922 -1.533
v -4.68089 0.493844 -1.52091
v -4.6437 0.740766 -1.50883
v -4.6065 0.987688 -1.49674
v -4.56931 1.23461 -1.48466
v -4.53212 1.48153 -1.47257
v -4.49492 1.72845 -1.46049
v -4.45773 1.97538 -1.4484
v -4.42053 2.2223 -1.43632
v -4.38334 2.46922 -1.42423
v -4.67008 -2.37764 -3.39302
v -4.60758 -2.13988 -3.34761
v -4.54508 -1.90211 -3.3022
v -4.48258 -1.66435 -3.25679
v -4.42008 -1.42658 -3.21138
v -4.35758 -1.18882 -3.16597
v -4.29508 -0.951056 -3.12056
v -4.23258 -0.713292 -3.07515
v -4.17008 -0.475528 -3.02974
v -4.10758 -0.237764 -2.98434
v -4.04508 0 -2.93893
v -3.98258 0.237764 -2.89352
v -3.92008 0.475528 -2.84811
v -3.85758 0.713292 -2.8027
v -3.79508 0.951056 -2.75729
v -3.73258 1.18882 -2.71188
v -3.67008 1.42658 -2.66647
v -3.60758 1.66435 -2.62106
v -3.54508 1.90211 -2.57566
v -3.48258 2.13988 -2.53025
v -3.42008 2.37764 -2.48484
v -3.60605 -2.22752 -4.9633
v -3.53934 -2.00476 -4.87148
v -3.47263 -1.78201 -4.77966
v -3.40591 -1.55926 -4.68783
v -3.3392 -1.33651 -4.59601
v -3.27249 -1.11376 -4.50419
v -3.20578 -0.891007 -4.41237
v -3.13906 -0.668255 -4.32055
v -3.07235 -0.445503 -4.22873
v -3.00564 -0.222752 -4.13691
v -2.93893 0 -4.04508
v -2.87221 0.222752 -3.95326
v -2.8055 0.445503 -3.86144
v -2.73879 0.668255 -3.76962
v -2.67208 0.891007 -3.6778
v -2.60537 1.11376 -3.58598
v -2.53865 1.33651 -3.49416
v -2.47194 1.55926 -3.40233
v -2.40523 1.78201 -3.31051
v -2.33852 2.00476 -3.21869
v -2.2718 2.22752 -3.12687
v -1.99917 -2.02254 -6.15282
v -1.95377 -1.82029 -6.01307
v -1.90836 -1.61803 -5.87332
v -1.86295 -1.41578 -5.73356
v -1.81754 -1.21353 -5.59381
v -1.77213 -1.01127 -5.45405
v -1.72672 -0.809017 -5.3143
v -1.68131 -0.606763 -5.17454
v -1.6359 -0.404508 -5.03479
v -1.59049 -0.202254 -4.89504
v -1.54509 0 -4.75528
v -1.49968 0.202254 -4.61553
v -1.45427 0.404509 -4.47577
v -1.40886 0.606763 -4.33602
v -1.36345 0.809017 -4.19627
v -1.31804 1.01127 -4.05651
v -1.27263 1.21353 -3.91676
v -1.22722 1.41578 -3.777
v -1.18181 1.61803 -3.63725
v -1.13641 1.82029 -3.49749
v -1.091 2.02254 -3.35774
v 8.07048e-08 -1.76777 -6.76777
v 7.85968e-08 -1.59099 -6.59099
v 7.64887e-08 -1.41421 -6.41421
v 7.43807e-08 -1.23744 -6.23744
v 7.22726e-08 -1.06066 -6.06066
v 7.01646e-08 -0.883883 -5.88388
v 6.80566e-08 -0.707107 -5.70711
v 6.59485e-08 -0.53033 -5.53033
v 6.38405e-08 -0.353553 -5.35355
v 6.17324e-08 -0.176777 -5.17678
v 5.96244e-08 0 -5
v 5.75164e-08 0.176777 -4.82322
v 5.54083e-08 0.353553 -4.64645
v 5.33003e-08 0.53033 -4.46967
v 5.11922e-08 0.707107 -4.29289
v 4.90842e-08 0.883883 -4.11612
v 4.69762e-08 1.06066 -3.93934
v 4.48681e-08 1.23744 -3.76256
v 4.27601e-08 1.41421 -3.58579
v 4.0652e-08 1.59099 -3.40901
v 3.8544e-08 1.76777 -3.23223
v 2.17009 -1.46946 -6.67883
v 2.10759 -1.32252 -6.48648
v 2.04509 -1.17557 -6.29412
v 1.98259 -1.02862 -6.10177
v 1.92009 -0.881678 -5.90941
v 1.85759 -0.734731 -5.71706
v 1.79509 -0.587785 -5.5247
v 1.73259 -0.440839 -5.33235
v 1.67009 -0.293893 -5.13999
v 1.60759 -0.146946 -4.94764
v 1.54509 0 -4.75528
v 1.48259 0.146946 -4.56293
v 1.42009 0.293893 -4.37057
v 1.35759 0.440839 -4.17822
v 1.29509 0.587785 -3.98586
v 1.23259 0.734731 -3.79351
v 1.17009 0.881678 -3.60115
v 1.10759 1.02862 -3.4088
v 1.04509 1.17557 -3.21644
v 0.982585 1.32252 -3.02409
v 0.920085 1.46946 -2.83173
v 4.24823 -1.13498 -5.84718
v 4.1173 -1.02148 -5.66697
v 3.98637 -0.907981 -5.48676
v 3.85544 -0.794483 -5.30655
v 3.72451 -0.680986 -5.12634
v 3.59358 -0.567488 -4.94613
v 3.46265 -0.45399 -4.76592
v 3.33172 -0.340493 -4.58571
v 3.20079 -0.226995 -4.4055
v 3.06986 -0.113498 -4.22529
v 2.93893 0 -4.04508
v 2.808 0.113498 -3.86487
v 2.67707 0.226995 -3.68466
v 2.54614 0.340493 -3.50445
v 2.41521 0.45399 -3.32424
v 2.28428 0.567488 -3.14404
v 2.15335 0.680986 -2.96382
v 2.02242 0.794483 -2.78362
v 1.89149 0.907981 -2.60341
v 1.76056 1.02148 -2.4232
v 1.62963 1.13498 -2.24299
v 5.96864 -0.772543 -4.33647
v 5.77628 -0.695288 -4.19671
v 5.58393 -0.618034 -4.05696
v 5.39157 -0.54078 -3.91721
v 5.19922 -0.463526 -3.77745
v 5.00686 -0.386271 -3.6377
v 4.81451 -0.309017 -3.49794
v 4.62215 -0.231763 -3.35819
v 4.4298 -0.154509 -3.21844
v 4.23744 -0.0772543 -3.07868
v 4.04508 0 -2.93893
v 3.85273 0.0772543 -2.79917
v 3.66037 0.154509 -2.65942
v 3.46802 0.231763 -2.51966
v 3.27566 0.309017 -2.37991
v 3.08331 0.386271 -2.24016
v 2.89095 0.463526 -2.1004
v 2.6986 0.54078 -1.96065
v 2.50624 0.618034 -1.82089
v 2.31389 0.695288 -1.68114
v 2.12153 0.772543 -1.54138
v 7.10365 -0.391086 -2.30812
v 6.86881 -0.351977 -2.23181
v 6.63398 -0.312869 -2.15551
v 6.39914 -0.27376 -2.07921
v 6.1643 -0.234652 -2.0029
v 5.92947 -0.195543 -1.9266
v 5.69463 -0.156434 -1.8503
v 5.45979 -0.117326 -1.77399
v 5.22496 -0.0782172 -1.69769
v 4.99012 -0.0391086 -1.62139
v 4.75528 0 -1.54508
v 4.52045 0.0391086 -1.46878
v 4.28561 0.0782172 -1.39248
v 4.05077 0.117326 -1.31618
v 3.81594 0.156434 -1.23987
v 3.5811 0.195543 -1.16357
v 3.34626 0.234652 -1.08727
v 3.11142 0.27376 -1.01096
v 2.87659 0.312869 -0.93466
v 2.64175 0.351977 -0.858357
v 2.40691 0.391086 -0.782054
v 7.5 2.18557e-07 1.31134e-06
v 7.25 1.96701e-07 1.26763e-06
v 7 1.74846e-07 1.22392e-06
v 6.75 1.5299e-07 1.18021e-06
v 6.5 1.31134e-07 1.1365e-06
v 6.25 1.09278e-07 1.09278e-06
v 6 8.74228e-08 1.04907e-06
v 5.75 6.55671e-08 1.00536e-06
v 5.5 4.37114e-08 9.61651e-07
v 5.25 2.18557e-08 9.17939e-07
v 5 -0 8.74228e-07
v 4.75 -2.18557e-08 8.30516e-07
v 4.5 -4.37114e-08 7.86805e-07
v 4.25 -6.55671e-08 7.43094e-07
v 4 -8.74228e-08 6.99382e-07
v 3.75 -1.09278e-07 6.55671e-07
v 3.5 -1.31134e-07 6.11959e-07
v 3.25 -1.5299e-07 5.68248e-07
v 3 -1.74846e-07 5.24537e-07
v 2.75 -1.96701e-07 4.80825e-07
v 2.5 -2.18557e-07 4.37114e-07
f 1 22 2
f 22 1 2
f 2 22 23
f 22 2 23
f 2 23 3
f 23 2 3
f 3 23 24
f 23 3 24
f 3 24 4
f 24 3 4
f 4 24 25
f 24 4 25
f 4 25 5
f 25 4 5
f 5 25 26
f 25 5 26
f 5 26 6
f 26 5 6
f 6 26 27
f 26 6 27
f 6 27 7
f 27 6 7
f 7 27 28
f 27 7 28
f 7 28 8
f 28 7 8
f 8 28 29
f 28 8 29
f 8 29 9
f 29 8 9
f 9 29 30
f 29 9 30
f 9 30 10
f 30 9 10
f 10 30 31
f 30 10 31
f 10 31 11
f 31 10 11
f 11 31 32
f 31 11 32
f 11 32 12
f 32 11 12
f 12 32 33
f 32 12 33
f 12 33 13
f 33 12 13
f 13 33 34
f 33 13 34
f 13 34 14
f 34 13 14
f 14 34 35
f 34 14 35
f 14 35 15
f 35 14 15
f 15 35 36
f 35 15 36
f 15 36 16
f 36 15 16
f 16 36 37
f 36 16 37
f 16 37 17
f 37 16 17
f 17 37 38
f 37 17 38
f 17 38 18
f 38 17 18
f 18 38 39
f 38 18 39
f 18 39 19
f 39 18 19
f 19 39 40
f 39 19 40
f 19 40 20
f 40 19 20
f 20 40 41
f 40 20 41
f 20 41 21
f 41 20 21
f 21 41 42
f 41 21 42
f 22 43 23
f 43 22 23
f 23 43 44
f 43 23 44
f 23 44 24
f 44 23 24
f 24 44 45
f 44 24 45
f 24 45 25
f 45 24 25
f 25 45 46
f 45 25 46
f 25 46 26
f 46 25 26
f 26 46 47
f 46 26 47
f 26 47 27
f 47 26 27
f 27 47 48
f 47 27 48
f 27 48 28
f 48 27 28
f 28 48 49
f 48 28 49
f 28 49 29
f 49 28 29
f 29 49 50
f 49 29 50
f 29 50 30
f 50 29 30
f 30 50 51
f 50 30 51
f 30 51 31
f 51 30 31
f 31 51 52
f 51 31 52
f 31 52 32
f 52 31 32
f 32 52 53
f 52 32 53
f 32 53 33
f 53 32 33
f 33 53 54
f 53 33 54
f 33 54 34
f 54 33 34
f 34 54 55
f 54 34 55
f 34 55 35
f 55 34 35
f 35 55 56
f 55 35 56
f 35 56 36
f 56 35 36
f 36 56 57
f 56 36 57
f 36 57 37
f 57 36 37
f 37 57 58
f 57 37 58
f 37 58 38
f 58 37 38
f 38 58 59
f 58 38 59
f 38 59 39
f 59 38 39
f 39 59 60
f 59 39 60
f 39 60 40
f 60 39 40
f 40 60 61
f 60 40 61
f 40 61 41
f 61 40 41
f 41 61 62
f 61 41 62
f 41 62 42
f 62 41 42
f 42 62 63
f 62 42 63
f 43 64 44
f 64 43 44
f 44 64 65
f 64 44 65
f 44 65 45
f 65 44 45
f 45 65 66
f 65 45 66
f 45 66 46
f 66 45 46
f 46 66 67
f 66 46 67
f 46 67 47
f 67 46 47
f 47 67 68
f 67 47 68
f 47 68 48
f 68 47 48
f 48 68 69
f 68 48 69
f 48 69 49
f 69 48 49
f 49 69 70
f 69 49 70
f 49 70 50
f 70 49 50
f 50 70 71
f 70 50 71
f 50 71 51
f 71 50 51
f 51 71 72
f 71 51 72
f 51 72 52
f 72 51 52
f 52 72 73
f 72 52 73
f 52 73 53
f 73 52 53
f 53 73 74
f 73 53 74
f 53 74 54
f 74 53 54
f 54 74 75
f 74 54 75
f 54 75 55
f 75 54 55
f 55 75 76
f 75 55 76
f 55 76 56
f 76 55 56
f 56 76 77
f 76 56 77
f 56 77 57
f 77 56 57
f 57 77 78
f 77 57 78
f 57 78 58
f 78 57 58
f 58 78 79
f 78 58 79
f 58 79 59
f 79 58 59
f 59 79 80
f 79 59 80
f 59 80 60
f 80 59 60
f 60 80 81
f 80 60 81
f 60 81 61
f 81 60 61
f 61 81 82
f 81 61 82
f 61 82 62
f 82 61 62
f 62 82 83
f 82 62 83
f 62 83 63
f 83 62 63
f 63 83 84
f 83 63 84
f 64 85 65
f 85 64 65
f 65 85 86
f 85 65 86
f 65 86 66
f 86 65 66
f 66 86 87
f 86 66 87
f 66 87 67
f 87 66 67
f 67 87 88
f 87 67 88
f 67 88 68
f 88 67 68
f 68 88 89
f 88 68 89
f 68 89 69
f 89 68 69
f 69 89 90
f 89 69 90
f 69 90 70
f 90 69 70
f 70 90 91
f 90 70 91
f 70 91 71
f 91 70 71
f 71 91 92
f 91 71 92
f 71 92 72
f 92 71 72
f 72 92 93
f 92 72 93
f 72 93 73
f 93 72 73
f 73 93 94
f 93 73 94
f 73 94 74
f 94 73 74
f 74 94 95
f 94 74 95
f 74 95 75
f 95 74 75
f 75 95 96
f 95 75 96
f 75 96 76
f 96 75 76
f 76 96 97
f 96 76 97
f 76 97 77
f 97 76 77
f 77 97 98
f 97 77 98
f 77 98 78
f 98 77 78
f 78 98 99
f 98 78 99
f 78 99 79
f 99 78 79
f 79 99 100
f 99 79 100
f 79 100 80
f 100 79 80
f 80 100 101
f 100 80 101
f 80 101 81
f 101 80 81
f 81 101 102
f 101 81 102
f 81 102 82
f 102 81 82
f 82 102 103
f 102 82 103
f 82 103 83
f 103 82 83
f 83 103 104
f 103 83 104
f 83 104 84
f 104 83 84
f 84 104 105
f 104 84 105
f 85 106 86
f 106 85 86
f 86 106 107
f 106 86 107
f 86 107 87
f 107 86 87
f 87 107 108
f 107 87 108
f 87 108 88
f 108 87 88
f 88 108 109
f 108 88 109
f 88 109 89
f 109 88 89
f 89 109 110
f 109 89 110
f 89 110 90
f 110 89 90
f 90 110 111
f 110 90 111
f 90 111 91
f 111 90 91
f 91 111 112
f 111 91 112
f 91 112 92
f 112 91 92
f 92 112 113
f 112 92 113
f 92 113 93
f 113 92 93
f 93 113 114
f 113 93 114
f 93 114 94
f 114 93 94
f 94 114 115
f 114 94 115
f 94 115 95
f 115 94 95
f 95 115 116
f 115 95 116
f 95 116 96
f 116 95 96
f 96 116 117
f 116 96 117
f 96 117 97
f 117 96 97
f 97 117 118
f 117 97 118
f 97 118 98
f 118 97 98
f 98 118 119
f 118 98 119
f 98 119 99
f 119 98 99
f 99 119 120
f 119 99 120
f 99 120 100
f 120 99 100
f 100 120 121
f 120 100 121
f 100 121 101
f 121 100 101
f 101 121 122
f 121 101 122
f 101 122 102
f 122 101 102
f 102 122 123
f 122 102 123
f 102 123 103
f 123 102 103
f 103 123 124
f 123 103 124
f 103 124 104
f 124 103 104
f 104 124 125
f 124 104 125
f 104 125 105
f 125 104 105
f 105 125 126
f 125 105 126
f 106 127 107
f 127 106 107
f 107 127 128
f 127 107 128
f 107 128 108
f 128 107 108
f 108 128 129
f 128 108 129
f 108 129 109
f 129 108 109
f 109 129 130
f 129 109 130
f 109 130 110
f 130 109 110
f 110 130 131
f 130 110 131
f 110 131 111
f 131 110 111
f 111 131 132
f 131 111 132
f 111 132 112
f 132 111 112
f 112 132 133
f 132 112 133
f 112 133 113
f 133 112 113
f 113 133 134
f 133 113 134
f 113 134 114
f 134 113 114
f 114 134 135
f 134 114 135
f 114 135 115
f 135 114 115
f 115 135 136
f 135 115 136
f 115 136 116
f 136 115 116
f 116 136 137
f 136 116 137
f 116 137 117
f 137 116 117
f 117 137 138
f 137 117 138
f 117 138 118
f 138 117 118
f 118 138 139
f 138 118 139
f 118 139 119
f 139 118 119
f 119 139 140
f 139 119 140
f 119 140 120
f 140 119 120
f 120 140 141
f 140 120 141
f 120 141 121
f 141 120 121
f 121 141 142
f 141 121 142
f 121 142 122
f 142 121 122
f 122 142 143
f 142 122 143
f 122 143 123
f 143 122 123
f 123 143 144
f 143 123 144
f 123 144 124
f 144 123 124
f 124 144 145
f 144 124 145
f 124 145 125
f 145 124 125
f 125 145 146
f 145 125 146
f 125 146 126
f 146 125 126
f 126 146 147
f 146 126 147
f 127 148 128
f 148 127 128
f 128 148 149
f 148 128 149
f 128 149 129
f 149 128 129
f 129 149 150
f 149 129 150
f 129 150 130
f 150 129 130
f 130 150 151
f 150 130 151
f 130 151 131
f 151 130 131
f 131 151 152
f 151 131 152
f 131 152 132
f 152 131 132
f 132 152 153
f 152 132 153
f 132 153 133
f 153 132 133
f 133 153 154
f 153 133 154
f 133 154 134
f 154 133 134
f 134 154 155
f 154 134 155
f 134 155 135
f 155 134 135
f 135 155 156
f 155 135 156
f 135 156 136
f 156 135 136
f 136 156 157
f 156 136 157
f 136 157 137
f 157 136 137
f 137 157 158
f 157 137 158
f 137 158 138
f 158 137 138
f 138 158 159
f 158 138 159
f 138 159 139
f 159 138 139
f 139 159 160
f 159 139 160
f 139 160 140
f 160 139 140
f 140 160 161
f 160 140 161
f 140 161 141
f 161 140 141
f 141 161 162
f 161 141 162
f 141 162 142
f 162 141 142
f 142 162 163
f 162 142 163
f 142 163 143
f 163 142 143
f 143 163 164
f 163 143 164
f 143 164 144
f 164 143 144
f 144 164 165
f 164 144 165
f 144 165 145
f 165 144 145
f 145 165 166
f 165 145 166
f 145 166 146
f 166 145 146
f 146 166 167
f 166 146 167
f 146 167 147
f 167 146 147
f 147 167 168
f 167 147 168
f 148 169 149
f 169 148 149
f 149 169 170
f 169 149 170
f 149 170 150
f 170 149 150
f 150 170 171
f 170 150 171
f 150 171 151
f 171 150 151
f 151 171 172
f 171 151 172
f 151 172 152
f 172 151 152
f 152 172 173
f 172 152 173
f 152 173 153
f 173 152 153
f 153 173 174
f 173 153 174
f 153 174 154
f 174 153 154
f 154 174 175
f 174 154 175
f 154 175 155
f 175 154 155
f 155 175 176
f 175 155 176
f 155 176 156
f 176 155 156
f 156 176 177
f 176 156 177
f 156 177 157
f 177 156 157
f 157 177 178
f 177 157 178
f 157 178 158
f 178 157 158
f 158 178 179
f 178 158 179
f 158 179 159
f 179 158 159
f 159 179 180
f 179 159 180
f 159 180 160
f 180 159 160
f 160 180 181
f 180 160 181
f 160 181 161
f 181 160 161
f 161 181 182
f 181 161 182
f 161 182 162
f 182 161 162
f 162 182 183
f 182 162 183
f 162 183 163
f 183 162 163
f 163 183 184
f 183 163 184
f 163 184 164
f 184 163 164
f 164 184 185
f 184 164 185
f 164 185 165
f 185 164 165
f 165 185 186
f 185 165 186
f 165 186 166
f 186 165 166
f 166 186 187
f 186 166 187
f 166 187 167
f 187 166 167
f 167 187 188
f 187 167 188
f 167 188 168
f 188 167 168
f 168 188 189
f 188 168 189
f 169 190 170
f 190 169 170
f 170 190 191
f 190 170 191
f 170 191 171
f 191 170 171
f 171 191 192
f 191 171 192
f 171 192 172
f 192 171 172
f 172 192 193
f 192 172 193
f 172 193 173
f 193 172 173
f 173 193 194
f 193 173 194
f 173 194 174
f 194 173 174
f 174 194 195
f 194 174 195
f 174 195 175
f 195 174 175
f 175 195 196
f 195 175 196
f 175 196 176
f 196 175 176
f 176 196 197
f 196 176 197
f 176 197 177
f 197 176 177
f 177 197 198
f 197 177 198
f 177 198 178
f 198 177 178
f 178 198 199
f 198 178 199
f 178 199 179
f 199 178 179
f 179 199 200
f 199 179 200
f 179 200 180
f 200 179 180
f 180 200 201
f 200 180 201
f 180 201 181
f 201 180 181
f 181 201 202
f 201 181 202
f 181 202 182
f 202 181 182
f 182 202 203
f 202 182 203
f 182 203 183
f 203 182 183
f 183 203 204
f 203 183 204
f 183 204 184
f 204 183 184
f 184 204 205
f 204 184 205
f 184 205 185
f 205 184 185
f 185 205 206
f 205 185 206
f 185 206 186
f 206 185 186
f 186 206 207
f 206 186 207
f 186 207 187
f 207 186 187
f 187 207 208
f 207 187 208
f 187 208 188
f 208 187 188
f 188 208 209
f 208 188 209
f 188 209 189
f 209 188 189
f 189 209 210
f 209 189 210
f 190 211 191
f 211 190 191
f 191 211 212
f 211 191 212
f 191 212 192
f 212 191 192
f 192 212 213
f 212 192 213
f 192 213 193
f 213 192 193
f 193 213 214
f 213 193 214
f 193 214 194
f 214 193 194
f 194 214 215
f 214 194 215
f 194 215 195
f 215 194 195
f 195 215 216
f 215 195 216
f 195 216 196
f 216 195 196
f 196 216 217
f 216 196 217
f 196 217 197
f 217 196 197
f 197 217 218
f 217 197 218
f 197 218 198
f 218 197 198
f 198 218 219
f 218 198 219
f 198 219 199
f 219 198 199
f 199 219 220
f 219 199 220
f 199 220 200
f 220 199 200
f 200 220 221
f 220 200 221
f 200 221 201
f 221 200 201
f 201 221 222
f 221 201 222
f 201 222 202
f 222 201 202
f 202 222 223
f 222 202 223
f 202 223 203
f 223 202 203
f 203 223 224
f 223 203 224
f 203 224 204
f 224 203 204
f 204 224 225
f 224 204 225
f 204 225 205
f 225 204 205
f 205 225 226
f 225 205 226
f 205 226 206
f 226 205 206
f 206 226 227
f 226 206 227
f 206 227 207
f 227 206 207
f 207 227 228
f 227 207 228
f 207 228 208
f 228 207 208
f 208 228 229
f 228 208 229
f 208 229 209
f 229 208 209
f 209 229 230
f 229 209 230
f 209 230 210
f 230 209 210
f 210 230 231
f 230 210 231
f 211 232 212
f 232 211 212
f 212 232 233
f 232 212 233
f 212 233 213
f 233 212 213
f 213 233 234
f 233 213 234
f 213 234 214
f 234 213 214
f 214 234 235
f 234 214 235
f 214 235 215
f 235 214 215
f 215 235 236
f 235 215 236
f 215 236 216
f 236 215 216
f 216 236 237
f 236 216 237
f 216 237 217
f 237 216 217
f 217 237 238
f 237 217 238
f 217 238 218
f 238 217 218
f 218 238 239
f 238 218 239
f 218 239 219
f 239 218 219
f 219 239 240
f 239 219 240
f 219 240 220
f 240 219 220
f 220 240 241
f 240 220 241
f 220 241 221
f 241 220 221
f 221 241 242
f 241 221 242
f 221 242 222
f 242 221 222
f 222 242 243
f 242 222 243
f 222 243 223
f 243 222 223
f 223 243 244
f 243 223 244
f 223 244 224
f 244 223 224
f 224 244 245
f 244 224 245
f 224 245 225
f 245 224 225
f 225 245 246
f 245 225 246
f 225 246 226
f 246 225 226
f 226 246 247
f 246 226 247
f 226 247 227
f 247 226 227
f 227 247 248
f 247 227 248
f 227 248 228
f 248 227 228
f 228 248 249
f 248 228 249
f 228 249 229
f 249 228 229
f 229 249 250
f 249 229 250
f 229 250 230
f 250 229 230
f 230 250 251
f 250 230 251
f 230 251 231
f 251 230 231
f 231 251 252
f 251 231 252
f 232 253 233
f 253 232 233
f 233 253 254
f 253 233 254
f 233 254 234
f 254 233 234
f 234 254 255
f 254 234 255
f 234 255 235
f 255 234 235
f 235 255 256
f 255 235 256
f 235 256 236
f 256 235 236
f 236 256 257
f 256 236 257
f 236 257 237
f 257 236 237
f 237 257 258
f 257 237 258
f 237 258 238
f 258 237 238
f 238 258 259
f 258 238 259
f 238 259 239
f 259 238 239
f 239 259 260
f 259 239 260
f 239 260 240
f 260 239 240
f 240 260 261
f 260 240 261
f 240 261 241
f 261 240 241
f 241 261 262
f 261 241 262
f 241 262 242
f 262 241 242
f 242 262 263
f 262 242 263
f 242 263 243
f 263 242 243
f 243 263 264
f 263 243 264
f 243 264 244
f 264 243 244
f 244 264 265
f 264 244 265
f 244 265 245
f 265 244 245
f 245 265 266
f 265 245 266
f 245 266 246
f 266 245 246
f 246 266 267
f 266 246 267
f 246 267 247
f 267 246 247
f 247 267 268
f 267 247 268
f 247 268 248
f 268 247 248
f 248 268 269
f 268 248 269
f 248 269 249
f 269 248 249
f 249 269 270
f 269 249 270
f 249 270 250
f 270 249 250
f 250 270 271
f 270 250 271
f 250 271 251
f 271 250 251
f 251 271 272
f 271 251 272
f 251 272 252
f 272 251 252
f 252 272 273
f 272 252 273
f 253 274 254
f 274 253 254
f 254 274 275
f 274 254 275
f 254 275 255
f 275 254 255
f 255 275 276
f 275 255 276
f 255 276 256
f 276 255 256
f 256 276 277
f 276 256 277
f 256 277 257
f 277 256 257
f 257 277 278
f 277 257 278
f 257 278 258
f 278 257 258
f 258 278 279
f 278 258 279
f 258 279 259
f 279 258 259
f 259 279 280
f 279 259 280
f 259 280 260
f 280 259 260
f 260 280 281
f 280 260 281
f 260 281 261
f 281 260 261
f 261 281 282
f 281 261 282
f 261 282 262
f 282 261 262
f 262 282 283
f 282 262 283
f 262 283 263
f 283 262 263
f 263 283 284
f 283 263 284
f 263 284 264
f 284 263 264
f 264 284 285
f 284 264 285
f 264 285 265
f 285 264 265
f 265 285 286
f 285 265 286
f 265 286 266
f 286 265 266
f 266 286 287
f 286 266 287
f 266 287 267
f 287 266 267
f 267 287 288
f 287 267 288
f 267 288 268
f 288 267 268
f 268 288 289
f 288 268 289
f 268 289 269
f 289 268 269
f 269 289 290
f 289 269 290
f 269 290 270
f 290 269 270
f 270 290 291
f 290 270 291
f 270 291 271
f 291 270 271
f 271 291 292
f 291 271 292
f 271 292 272
f 292 271 272
f 272 292 293
f 292 272 293
f 272 293 273
f 293 272 273
f 273 293 294
f 293 273 294
f 274 295 275
f 295 274 275
f 275 295 296
f 295 275 296
f 275 296 276
f 296 275 276
f 276 296 297
f 296 276 297
f 276 297 277
f 297 276 277
f 277 297 298
f 297 277 298
f 277 298 278
f 298 277 278
f 278 298 299
f 298 278 299
f 278 299 279
f 299 278 279
f 279 299 300
f 299 279 300
f 279 300 280
f 300 279 280
f 280 300 301
f 300 280 301
f 280 301 281
f 301 280 281
f 281 301 302
f 301 281 302
f 281 302 282
f 302 281 282
f 282 302 303
f 302 282 303
f 282 303 283
f 303 282 283
f 283 303 304
f 303 283 304
f 283 304 284
f 304 283 284
f 284 304 305
f 304 284 305
f 284 305 285
f 305 284 285
f 285 305 306
f 305 285 306
f 285 306 286
f 306 285 286
f 286 306 307
f 306 286 307
f 286 307 287
f 307 286 287
f 287 307 308
f 307 287 308
f 287 308 288
f 308 287 288
f 288 308 309
f 308 288 309
f 288 309 289
f 309 288 289
f 289 309 310
f 309 289 310
f 289 310 290
f 310 289 290
f 290 310 311
f 310 290 311
f 290 311 291
f 311 290 291
f 291 311 312
f 311 291 312
f 291 312 292
f 312 291 292
f 292 312 313
f 312 292 313
f 292 313 293
f 313 292 293
f 293 313 314
f 313 293 314
f 293 314 294
f 314 293 294
f 294 314 315
f 314 294 315
f 295 316 296
f 316 295 296
f 296 316 317
f 316 296 317
f 296 317 297
f 317 296 297
f 297 317 318
f 317 297 318
f 297 318 298
f 318 297 298
f 298 318 319
f 318 298 319
f 298 319 299
f 319 298 299
f 299 319 320
f 319 299 320
f 299 320 300
f 320 299 300
f 300 320 321
f 320 300 321
f 300 321 301
f 321 300 301
f 301 321 322
f 321 301 322
f 301 322 302
f 322 301 302
f 302 322 323
f 322 302 323
f 302 323 303
f 323 302 303
f 303 323 324
f 323 303 324
f 303 324 304
f 324 303 304
f 304 324 325
f 324 304 325
f 304 325 305
f 325 304 305
f 305 325 326
f 325 305 326
f 305 326 306
f 326 305 306
f 306 326 327
f 326 306 327
f 306 327 307
f 327 306 307
f 307 327 328
f 327 307 328
f 307 328 308
f 328 307 308
f 308 328 329
f 328 308 329
f 308 329 309
f 329 308 309
f 309 329 330
f 329 309 330
f 309 330 310
f 330 309 310
f 310 330 331
f 330 310 331
f 310 331 311
f 331 310 311
f 311 331 332
f 331 311 332
f 311 332 312
f 332 311 312
f 312 332 333
f 332 312 333
f 312 333 313
f 333 312 313
f 313 333 334
f 333 313 334
f 313 334 314
f 334 313 314
f 314 334 335
f 334 314 335
f 314 335 315
f 335 314 315
f 315 335 336
f 335 315 336
f 316 337 317
f 337 316 317
f 317 337 338
f 337 317 338
f 317 338 318
f 338 317 318
f 318 338 339
f 338 318 339
f 318 339 319
f 339 318 319
f 319 339 340
f 339 319 340
f 319 340 320
f 340 319 320
f 320 340 341
f 340 320 341
f 320 341 321
f 341 320 321
f 321 341 342
f 341 321 342
f 321 342 322
f 342 321 322
f 322 342 343
f 342 322 343
f 322 343 323
f 343 322 323
f 323 343 344
f 343 323 344
f 323 344 324
f 344 323 324
f 324 344 345
f 344 324 345
f 324 345 325
f 345 324 325
f 325 345 346
f 345 325 346
f 325 346 326
f 346 325 326
f 326 346 347
f 346 326 347
f 326 347 327
f 347 326 327
f 327 347 348
f 347 327 348
f 327 348 328
f 348 327 328
f 328 348 349
f 348 328 349
f 328 349 329
f 349 328 329
f 329 349 350
f 349 329 350
f 329 350 330
f 350 329 330
f 330 350 351
f 350 330 351
f 330 351 331
f 351 330 331
f 331 351 352
f 351 331 352
f 331 352 332
f 352 331 332
f 332 352 353
f 352 332 353
f 332 353 333
f 353 332 333
f 333 353 354
f 353 333 354
f 333 354 334
f 354 333 334
f 334 354 355
f 354 334 355
f 334 355 335
f 355 334 335
f 335 355 356
f 355 335 356
f 335 356 336
f 356 335 336
f 336 356 357
f 356 336 357
f 337 358 338
f 358 337 338
f 338 358 359
f 358 338 359
f 338 359 339
f 359 338 339
f 339 359 360
f 359 339 360
f 339 360 340
f 360 339 340
f 340 360 361
f 360 340 361
f 340 361 341
f 361 340 341
f 341 361 362
f 361 341 362
f 341 362 342
f 362 341 342
f 342 362 363
f 362 342 363
f 342 363 343
f 363 342 343
f 343 363 364
f 363 343 364
f 343 364 344
f 364 343 344
f 344 364 365
f 364 344 365
f 344 365 345
f 365 344 345
f 345 365 366
f 365 345 366
f 345 366 346
f 366 345 346
f 346 366 367
f 366 346 367
f 346 367 347
f 367 346 347
f 347 367 368
f 367 347 368
f 347 368 348
f 368 347 348
f 348 368 369
f 368 348 369
f 348 369 349
f 369 348 349
f 349 369 370
f 369 349 370
f 349 370 350
f 370 349 350
f 350 370 371
f 370 350 371
f 350 371 351
f 371 350 351
f 351 371 372
f 371 351 372
f 351 372 352
f 372 351 352
f 352 372 373
f 372 352 373
f 352 373 353
f 373 352 353
f 353 373 374
f 373 353 374
f 353 374 354
f 374 353 354
f 354 374 375
f 374 354 375
f 354 375 355
f 375 354 355
f 355 375 376
f 375 355 376
f 355 376 356
f 376 355 356
f 356 376 377
f 376 356 377
f 356 377 357
f 377 356 357
f 357 377 378
f 377 357 378
f 358 379 359
f 379 358 359
f 359 379 380
f 379 359 380
f 359 380 360
f 380 359 360
f 360 380 381
f 380 360 381
f 360 381 361
f 381 360 361
f 361 381 382
f 381 361 382
f 361 382 362
f 382 361 362
f 362 382 383
f 382 362 383
f 362 383 363
f 383 362 363
f 363 383 384
f 383 363 384
f 363 384 364
f 384 363 364
f 364 384 385
f 384 364 385
f 364 385 365
f 385 364 365
f 365 385 386
f 385 365 386
f 365 386 366
f 386 365 366
f 366 386 387
f 386 366 387
f 366 387 367
f 387 366 367
f 367 387 388
f 387 367 388
f 367 388 368
f 388 367 368
f 368 388 389
f 388 368 389
f 368 389 369
f 389 368 369
f 369 389 390
f 389 369 390
f 369 390 370
f 390 369 370
f 370 390 391
f 390 370 391
f 370 391 371
f 391 370 371
f 371 391 392
f 391 371 392
f 371 392 372
f 392 371 372
f 372 392 393
f 392 372 393
f 372 393 373
f 393 372 373
f 373 393 394
f 393 373 394
f 373 394 374
f 394 373 374
f 374 394 395
f 394 374 395
f 374 395 375
f 395 374 375
f 375 395 396
f 395 375 396
f 375 396 376
f 396 375 376
f 376 396 397
f 396 376 397
f 376 397 377
f 397 376 377
f 377 397 398
f 397 377 398
f 377 398 378
f 398 377 378
f 378 398 399
f 398 378 399
f 379 400 380
f 400 379 380
f 380 400 401
f 400 380 401
f 380 401 381
f 401 380 381
f 381 401 402
f 401 381 402
f 381 402 382
f 402 381 382
f 382 402 403
f 402 382 403
f 382 403 383
f 403 382 383
f 383 403 404
f 403 383 404
f 383 404 384
f 404 383 384
f 384 404 405
f 404 384 405
f 384 405 385
f 405 384 385
f 385 405 406
f 405 385 406
f 385 406 386
f 406 385 386
f 386 406 407
f 406 386 407
f 386 407 387
f 407 386 387
f 387 407 408
f 407 387 408
f 387 408 388
f 408 387 388
f 388 408 409
f 408 388 409
f 388 409 389
f 409 388 389
f 389 409 410
f 409 389 410
f 389 410 390
f 410 389 390
f 390 410 411
f 410 390 411
f 390 411 391
f 411 390 391
f 391 411 412
f 411 391 412
f 391 412 392
f 412 391 392
f 392 412 413
f 412 392 413
f 392 413 393
f 413 392 393
f 393 413 414
f 413 393 414
f 393 414 394
f 414 393 394
f 394 414 415
f 414 394 415
f 394 415 395
f 415 394 395
f 395 415 416
f 415 395 416
f 395 416 396
f 416 395 396
f 396 416 417
f 416 396 417
f 396 417 397
f 417 396 397
f 397 417 418
f 417 397 418
f 397 418 398
f 418 397 398
f 398 418 419
f 418 398 419
f 398 419 399
f 419 398 399
f 399 419 420
f 419 399 420
f 400 21 401
f 21 400 401
f 401 21 20
f 21 401 20
f 401 20 402
f 20 401 402
f 402 20 19
f 20 402 19
f 402 19 403
f 19 402 403
f 403 19 18
f 19 403 18
f 403 18 404
f 18 403 404
f 404 18 17
f 18 404 17
f 404 17 405
f 17 404 405
f 405 17 16
f 17 405 16
f 405 16 406
f 16 405 406
f 406 16 15
f 16 406 15
f 406 15 407
f 15 406 407
f 407 15 14
f 15 407 14
f 407 14 408
f 14 407 408
f 408 14 13
f 14 408 13
f 408 13 409
f 13 408 409
f 409 13 12
f 13 409 12
f 409 12 410
f 12 409 410
f 410 12 11
f 12 410 11
f 410 11 411
f 11 410 411
f 411 11 10
f 11 411 10
f 411 10 412
f 10 411 412
f 412 10 9
f 10 412 9
f 412 9 413
f 9 412 413
f 413 9 8
f 9 413 8
f 413 8 414
f 8 413 414
f 414 8 7
f 8 414 7
f 414 7 415
f 7 414 415
f 415 7 6
f 7 415 6
f 415 6 416
f 6 415 416
f 416 6 5
f 6 416 5
f 416 5 417
f 5 416 417
f 417 5 4
f 5 417 4
f 417 4 418
f 4 417 418
f 418 4 3
f 4 418 3
f 418 3 419
f 3 418 419
f 419 3 2
f 3 419 2
f 419 2 420
f 2 419 420
f 420 2 1
f 2 420 1
