# mobiusStrip 3.000000 1.000000 1 32 5
v 2.5 -0 0
v 3.12832 0 0
v 3.75664 0 0
v 4.38496 0 0
v 5.01327 0 0
v 5.64159 0 0
v 2.46139 -0.0975452 0.4896
v 3.06579 0.0250337 0.609824
v 3.6702 0.147613 0.730047
v 4.2746 0.270191 0.850271
v 4.879 0.39277 0.970494
v 5.48341 0.515349 1.09072
v 2.34486 -0.191342 0.971274
v 2.88117 0.0491054 1.19342
v 3.41747 0.289553 1.41556
v 3.95377 0.53 1.63771
v 4.49008 0.770447 1.85985
v 5.02638 1.01089 2.08199
v 2.14874 -0.277785 1.43574
v 2.58312 0.07129 1.72599
v 3.0175 0.420365 2.01623
v 3.45189 0.76944 2.30648
v 3.88627 1.11852 2.59672
v 4.32065 1.46759 2.88697
v 1.87132 -0.353553 1.87132
v 2.18548 0.0907349 2.18548
v 2.49964 0.535023 2.49964
v 2.8138 0.979312 2.8138
v 3.12796 1.4236 3.12796
v 3.44212 1.86789 3.44212
v 1.51238 -0.415735 2.26344
v 1.70632 0.106693 2.55368
v 1.90025 0.629121 2.84393
v 2.09419 1.15155 3.13418
v 2.28812 1.67398 3.42442
v 2.48206 2.1964 3.71467
v 1.07483 -0.46194 2.59486
v 1.16684 0.118551 2.81701
v 1.25886 0.699041 3.03915
v 1.35087 1.27953 3.26129
v 1.44289 1.86002 3.48344
v 1.5349 2.44051 3.70558
v 0.566241 -0.490393 2.84669
v 0.590155 0.125853 2.96691
v 0.614068 0.742099 3.08713
v 0.637982 1.35834 3.20736
v 0.661896 1.97459 3.32758
v 0.68581 2.59084 3.4478
v -1.31134e-07 -0.5 3
v -1.31134e-07 0.128319 3
v -1.31134e-07 0.756637 3
v -1.31134e-07 1.38496 3
v -1.31134e-07 2.01327 3
v -1.31134e-07 2.64159 3
v -0.604301 -0.490393 3.03803
v -0.580387 0.125853 2.9178
v -0.556473 0.742099 2.79758
v -0.532559 1.35834 2.67736
v -0.508645 1.97459 2.55713
v -0.484731 2.59084 2.43691
v -1.22127 -0.46194 2.94842
v -1.12926 0.118551 2.72627
v -1.03724 0.699041 2.50413
v -0.945228 1.27953 2.28198
v -0.853213 1.86002 2.05984
v -0.761198 2.44051 1.83769
v -1.82104 -0.415735 2.72538
v -1.6271 0.106693 2.43513
v -1.43317 0.629121 2.14489
v -1.23923 1.15155 1.85464
v -1.0453 1.67398 1.5644
v -0.851361 2.1964 1.27415
v -2.37132 -0.353553 2.37132
v -2.05716 0.0907349 2.05716
v -1.743 0.535023 1.743
v -1.42884 0.979312 1.42884
v -1.11468 1.4236 1.11468
v -0.800524 1.86789 0.800524
v -2.84008 -0.277785 1.89768
v -2.4057 0.07129 1.60744
v -1.97131 0.420365 1.31719
v -1.53693 0.76944 1.02694
v -1.10255 1.11852 0.736699
v -0.668166 1.46759 0.446454
v -3.19842 -0.191342 1.32483
v -2.66211 0.0491054 1.10268
v -2.12581 0.289552 0.880538
v -1.58951 0.529999 0.658394
v -1.0532 0.770446 0.43625
v -0.516898 1.01089 0.214106
v -3.42333 -0.0975452 0.680942
v -2.81892 0.0250337 0.560718
v -2.21452 0.147613 0.440495
v -1.61011 0.270191 0.320271
v -1.00571 0.39277 0.200048
v -0.401303 0.515349 0.0798241
v -3.5 4.37114e-08 -3.0598e-07
v -2.87168 -1.1218e-08 -2.5105e-07
v -2.24336 -6.61473e-08 -1.96121e-07
v -1.61504 -1.21077e-07 -1.41192e-07
v -0.986726 -1.76006e-07 -8.62623e-08
v -0.358407 -2.30935e-07 -3.1333e-08
v -3.42333 0.0975452 -0.680942
v -2.81892 -0.0250337 -0.560719
v -2.21452 -0.147613 -0.440495
v -1.61011 -0.270192 -0.320271
v -1.00571 -0.392771 -0.200048
v -0.401303 -0.51535 -0.0798242
v -3.19842 0.191342 -1.32483
v -2.66211 -0.0491054 -1.10268
v -2.12581 -0.289552 -0.880539
v -1.58951 -0.53 -0.658395
v -1.0532 -0.770447 -0.43625
v -0.516898 -1.01089 -0.214106
v -2.84008 0.277785 -1.89768
v -2.4057 -0.07129 -1.60744
v -1.97131 -0.420365 -1.31719
v -1.53693 -0.76944 -1.02694
v -1.10255 -1.11852 -0.736699
v -0.668166 -1.46759 -0.446454
v -2.37132 0.353553 -2.37132
v -2.05716 -0.0907349 -2.05716
v -1.743 -0.535023 -1.743
v -1.42884 -0.979312 -1.42884
v -1.11468 -1.4236 -1.11468
v -0.800524 -1.86789 -0.800524
v -1.82104 0.415735 -2.72538
v -1.6271 -0.106693 -2.43513
v -1.43317 -0.629121 -2.14489
v -1.23923 -1.15155 -1.85464
v -1.0453 -1.67398 -1.5644
v -0.851361 -2.1964 -1.27415
v -1.22127 0.46194 -2.94842
v -1.12926 -0.118551 -2.72627
v -1.03724 -0.699042 -2.50413
v -0.945228 -1.27953 -2.28198
v -0.853213 -1.86002 -2.05984
v -0.761198 -2.44051 -1.8377
v -0.604301 0.490393 -3.03803
v -0.580387 -0.125853 -2.9178
v -0.556473 -0.742099 -2.79758
v -0.532559 -1.35834 -2.67736
v -0.508645 -1.97459 -2.55713
v -0.484731 -2.59084 -2.43691
v 3.57746e-08 0.5 -3
v 3.57746e-08 -0.128319 -3
v 3.57746e-08 -0.756637 -3
v 3.57746e-08 -1.38496 -3
v 3.57746e-08 -2.01327 -3
v 3.57746e-08 -2.64159 -3
v 0.566241 0.490393 -2.84668
v 0.590155 -0.125853 -2.96691
v 0.614069 -0.742099 -3.08713
v 0.637983 -1.35834 -3.20736
v 0.661897 -1.97459 -3.32758
v 0.685811 -2.59084 -3.4478
v 1.07483 0.46194 -2.59486
v 1.16684 -0.118551 -2.81701
v 1.25886 -0.699041 -3.03915
v 1.35087 -1.27953 -3.26129
v 1.44289 -1.86002 -3.48344
v 1.5349 -2.44051 -3.70558
v 1.51238 0.415735 -2.26344
v 1.70632 -0.106693 -2.55368
v 1.90025 -0.629121 -2.84393
v 2.09419 -1.15155 -3.13417
v 2.28813 -1.67398 -3.42442
v 2.48206 -2.1964 -3.71467
v 1.87132 0.353553 -1.87132
v 2.18548 -0.0907349 -2.18548
v 2.49964 -0.535023 -2.49964
v 2.8138 -0.979311 -2.8138
v 3.12796 -1.4236 -3.12796
v 3.44212 -1.86789 -3.44212
v 2.14874 0.277785 -1.43574
v 2.58312 -0.07129 -1.72599
v 3.0175 -0.420365 -2.01623
v 3.45189 -0.76944 -2.30648
v 3.88627 -1.11852 -2.59672
v 4.32065 -1.46759 -2.88697
v 2.34486 0.191342 -0.971274
v 2.88117 -0.0491054 -1.19342
v 3.41747 -0.289552 -1.41556
v 3.95377 -0.53 -1.63771
v 4.49008 -0.770447 -1.85985
v 5.02638 -1.01089 -2.08199
v 2.46139 0.0975451 -0.4896
v 3.06579 -0.0250337 -0.609823
v 3.6702 -0.147613 -0.730047
v 4.2746 -0.270191 -0.85027
v 4.879 -0.39277 -0.970494
v 5.48341 -0.515349 -1.09072
v 2.5 -8.74228e-08 4.37114e-07
v 3.12832 2.24359e-08 5.46973e-07
v 3.75664 1.32295e-07 6.56831e-07
v 4.38496 2.42153e-07 7.6669e-07
v 5.01327 3.52012e-07 8.76549e-07
v 5.64159 4.61871e-07 9.86407e-07
f 1 7 2
f 7 1 2
f 2 7 8
f 7 2 8
f 2 8 3
f 8 2 3
f 3 8 9
f 8 3 9
f 3 9 4
f 9 3 4
f 4 9 10
f 9 4 10
f 4 10 5
f 10 4 5
f 5 10 11
f 10 5 11
f 5 11 6
f 11 5 6
f 6 11 12
f 11 6 12
f 7 13 8
f 13 7 8
f 8 13 14
f 13 8 14
f 8 14 9
f 14 8 9
f 9 14 15
f 14 9 15
f 9 15 10
f 15 9 10
f 10 15 16
f 15 10 16
f 10 16 11
f 16 10 11
f 11 16 17
f 16 11 17
f 11 17 12
f 17 11 12
f 12 17 18
f 17 12 18
f 13 19 14
f 19 13 14
f 14 19 20
f 19 14 20
f 14 20 15
f 20 14 15
f 15 20 21
f 20 15 21
f 15 21 16
f 21 15 16
f 16 21 22
f 21 16 22
f 16 22 17
f 22 16 17
f 17 22 23
f 22 17 23
f 17 23 18
f 23 17 18
f 18 23 24
f 23 18 24
f 19 25 20
f 25 19 20
f 20 25 26
f 25 20 26
f 20 26 21
f 26 20 21
f 21 26 27
f 26 21 27
f 21 27 22
f 27 21 22
f 22 27 28
f 27 22 28
f 22 28 23
f 28 22 23
f 23 28 29
f 28 23 29
f 23 29 24
f 29 23 24
f 24 29 30
f 29 24 30
f 25 31 26
f 31 25 26
f 26 31 32
f 31 26 32
f 26 32 27
f 32 26 27
f 27 32 33
f 32 27 33
f 27 33 28
f 33 27 28
f 28 33 34
f 33 28 34
f 28 34 29
f 34 28 29
f 29 34 35
f 34 29 35
f 29 35 30
f 35 29 30
f 30 35 36
f 35 30 36
f 31 37 32
f 37 31 32
f 32 37 38
f 37 32 38
f 32 38 33
f 38 32 33
f 33 38 39
f 38 33 39
f 33 39 34
f 39 33 34
f 34 39 40
f 39 34 40
f 34 40 35
f 40 34 35
f 35 40 41
f 40 35 41
f 35 41 36
f 41 35 36
f 36 41 42
f 41 36 42
f 37 43 38
f 43 37 38
f 38 43 44
f 43 38 44
f 38 44 39
f 44 38 39
f 39 44 45
f 44 39 45
f 39 45 40
f 45 39 40
f 40 45 46
f 45 40 46
f 40 46 41
f 46 40 41
f 41 46 47
f 46 41 47
f 41 47 42
f 47 41 42
f 42 47 48
f 47 42 48
f 43 49 44
f 49 43 44
f 44 49 50
f 49 44 50
f 44 50 45
f 50 44 45
f 45 50 51
f 50 45 51
f 45 51 46
f 51 45 46
f 46 51 52
f 51 46 52
f 46 52 47
f 52 46 47
f 47 52 53
f 52 47 53
f 47 53 48
f 53 47 48
f 48 53 54
f 53 48 54
f 49 55 50
f 55 49 50
f 50 55 56
f 55 50 56
f 50 56 51
f 56 50 51
f 51 56 57
f 56 51 57
f 51 57 52
f 57 51 52
f 52 57 58
f 57 52 58
f 52 58 53
f 58 52 53
f 53 58 59
f 58 53 59
f 53 59 54
f 59 53 54
f 54 59 60
f 59 54 60
f 55 61 56
f 61 55 56
f 56 61 62
f 61 56 62
f 56 62 57
f 62 56 57
f 57 62 63
f 62 57 63
f 57 63 58
f 63 57 58
f 58 63 64
f 63 58 64
f 58 64 59
f 64 58 59
f 59 64 65
f 64 59 65
f 59 65 60
f 65 59 60
f 60 65 66
f 65 60 66
f 61 67 62
f 67 61 62
f 62 67 68
f 67 62 68
f 62 68 63
f 68 62 63
f 63 68 69
f 68 63 69
f 63 69 64
f 69 63 64
f 64 69 70
f 69 64 70
f 64 70 65
f 70 64 65
f 65 70 71
f 70 65 71
f 65 71 66
f 71 65 66
f 66 71 72
f 71 66 72
f 67 73 68
f 73 67 68
f 68 73 74
f 73 68 74
f 68 74 69
f 74 68 69
f 69 74 75
f 74 69 75
f 69 75 70
f 75 69 70
f 70 75 76
f 75 70 76
f 70 76 71
f 76 70 71
f 71 76 77
f 76 71 77
f 71 77 72
f 77 71 72
f 72 77 78
f 77 72 78
f 73 79 74
f 79 73 74
f 74 79 80
f 79 74 80
f 74 80 75
f 80 74 75
f 75 80 81
f 80 75 81
f 75 81 76
f 81 75 76
f 76 81 82
f 81 76 82
f 76 82 77
f 82 76 77
f 77 82 83
f 82 77 83
f 77 83 78
f 83 77 78
f 78 83 84
f 83 78 84
f 79 85 80
f 85 79 80
f 80 85 86
f 85 80 86
f 80 86 81
f 86 80 81
f 81 86 87
f 86 81 87
f 81 87 82
f 87 81 82
f 82 87 88
f 87 82 88
f 82 88 83
f 88 82 83
f 83 88 89
f 88 83 89
f 83 89 84
f 89 83 84
f 84 89 90
f 89 84 90
f 85 91 86
f 91 85 86
f 86 91 92
f 91 86 92
f 86 92 87
f 92 86 87
f 87 92 93
f 92 87 93
f 87 93 88
f 93 87 88
f 88 93 94
f 93 88 94
f 88 94 89
f 94 88 89
f 89 94 95
f 94 89 95
f 89 95 90
f 95 89 90
f 90 95 96
f 95 90 96
f 91 97 92
f 97 91 92
f 92 97 98
f 97 92 98
f 92 98 93
f 98 92 93
f 93 98 99
f 98 93 99
f 93 99 94
f 99 93 94
f 94 99 100
f 99 94 100
f 94 100 95
f 100 94 95
f 95 100 101
f 100 95 101
f 95 101 96
f 101 95 96
f 96 101 102
f 101 96 102
f 97 103 98
f 103 97 98
f 98 103 104
f 103 98 104
f 98 104 99
f 104 98 99
f 99 104 105
f 104 99 105
f 99 105 100
f 105 99 100
f 100 105 106
f 105 100 106
f 100 106 101
f 106 100 101
f 101 106 107
f 106 101 107
f 101 107 102
f 107 101 102
f 102 107 108
f 107 102 108
f 103 109 104
f 109 103 104
f 104 109 110
f 109 104 110
f 104 110 105
f 110 104 105
f 105 110 111
f 110 105 111
f 105 111 106
f 111 105 106
f 106 111 112
f 111 106 112
f 106 112 107
f 112 106 107
f 107 112 113
f 112 107 113
f 107 113 108
f 113 107 108
f 108 113 114
f 113 108 114
f 109 115 110
f 115 109 110
f 110 115 116
f 115 110 116
f 110 116 111
f 116 110 111
f 111 116 117
f 116 111 117
f 111 117 112
f 117 111 112
f 112 117 118
f 117 112 118
f 112 118 113
f 118 112 113
f 113 118 119
f 118 113 119
f 113 119 114
f 119 113 114
f 114 119 120
f 119 114 120
f 115 121 116
f 121 115 116
f 116 121 122
f 121 116 122
f 116 122 117
f 122 116 117
f 117 122 123
f 122 117 123
f 117 123 118
f 123 117 118
f 118 123 124
f 123 118 124
f 118 124 119
f 124 118 119
f 119 124 125
f 124 119 125
f 119 125 120
f 125 119 120
f 120 125 126
f 125 120 126
f 121 127 122
f 127 121 122
f 122 127 128
f 127 122 128
f 122 128 123
f 128 122 123
f 123 128 129
f 128 123 129
f 123 129 124
f 129 123 124
f 124 129 130
f 129 124 130
f 124 130 125
f 130 124 125
f 125 130 131
f 130 125 131
f 125 131 126
f 131 125 126
f 126 131 132
f 131 126 132
f 127 133 128
f 133 127 128
f 128 133 134
f 133 128 134
f 128 134 129
f 134 128 129
f 129 134 135
f 134 129 135
f 129 135 130
f 135 129 130
f 130 135 136
f 135 130 136
f 130 136 131
f 136 130 131
f 131 136 137
f 136 131 137
f 131 137 132
f 137 131 132
f 132 137 138
f 137 132 138
f 133 139 134
f 139 133 134
f 134 139 140
f 139 134 140
f 134 140 135
f 140 134 135
f 135 140 141
f 140 135 141
f 135 141 136
f 141 135 136
f 136 141 142
f 141 136 142
f 136 142 137
f 142 136 137
f 137 142 143
f 142 137 143
f 137 143 138
f 143 137 138
f 138 143 144
f 143 138 144
f 139 145 140
f 145 139 140
f 140 145 146
f 145 140 146
f 140 146 141
f 146 140 141
f 141 146 147
f 146 141 147
f 141 147 142
f 147 141 142
f 142 147 148
f 147 142 148
f 142 148 143
f 148 142 143
f 143 148 149
f 148 143 149
f 143 149 144
f 149 143 144
f 144 149 150
f 149 144 150
f 145 151 146
f 151 145 146
f 146 151 152
f 151 146 152
f 146 152 147
f 152 146 147
f 147 152 153
f 152 147 153
f 147 153 148
f 153 147 148
f 148 153 154
f 153 148 154
f 148 154 149
f 154 148 149
f 149 154 155
f 154 149 155
f 149 155 150
f 155 149 150
f 150 155 156
f 155 150 156
f 151 157 152
f 157 151 152
f 152 157 158
f 157 152 158
f 152 158 153
f 158 152 153
f 153 158 159
f 158 153 159
f 153 159 154
f 159 153 154
f 154 159 160
f 159 154 160
f 154 160 155
f 160 154 155
f 155 160 161
f 160 155 161
f 155 161 156
f 161 155 156
f 156 161 162
f 161 156 162
f 157 163 158
f 163 157 158
f 158 163 164
f 163 158 164
f 158 164 159
f 164 158 159
f 159 164 165
f 164 159 165
f 159 165 160
f 165 159 160
f 160 165 166
f 165 160 166
f 160 166 161
f 166 160 161
f 161 166 167
f 166 161 167
f 161 167 162
f 167 161 162
f 162 167 168
f 167 162 168
f 163 169 164
f 169 163 164
f 164 169 170
f 169 164 170
f 164 170 165
f 170 164 165
f 165 170 171
f 170 165 171
f 165 171 166
f 171 165 166
f 166 171 172
f 171 166 172
f 166 172 167
f 172 166 167
f 167 172 173
f 172 167 173
f 167 173 168
f 173 167 168
f 168 173 174
f 173 168 174
f 169 175 170
f 175 169 170
f 170 175 176
f 175 170 176
f 170 176 171
f 176 170 171
f 171 176 177
f 176 171 177
f 171 177 172
f 177 171 172
f 172 177 178
f 177 172 178
f 172 178 173
f 178 172 173
f 173 178 179
f 178 173 179
f 173 179 174
f 179 173 174
f 174 179 180
f 179 174 180
f 175 181 176
f 181 175 176
f 176 181 182
f 181 176 182
f 176 182 177
f 182 176 177
f 177 182 183
f 182 177 183
f 177 183 178
f 183 177 178
f 178 183 184
f 183 178 184
f 178 184 179
f 184 178 179
f 179 184 185
f 184 179 185
f 179 185 180
f 185 179 180
f 180 185 186
f 185 180 186
f 181 187 182
f 187 181 182
f 182 187 188
f 187 182 188
f 182 188 183
f 188 182 183
f 183 188 189
f 188 183 189
f 183 189 184
f 189 183 184
f 184 189 190
f 189 184 190
f 184 190 185
f 190 184 185
f 185 190 191
f 190 185 191
f 185 191 186
f 191 185 186
f 186 191 192
f 191 186 192
f 187 193 188
f 193 187 188
f 188 193 194
f 193 188 194
f 188 194 189
f 194 188 189
f 189 194 195
f 194 189 195
f 189 195 190
f 195 189 190
f 190 195 196
f 195 190 196
f 190 196 191
f 196 190 191
f 191 196 197
f 196 191 197
f 191 197 192
f 197 191 192
f 192 197 198
f 197 192 198
